PRIVATE_KEY_1 = 302e020100300506032b657004220420433188e2d7c269cc1ea8a2559277dcb09d5d2f76a53ada93b067f517c3657d5f
PUBLIC_KEY_1 = 302a300506032b6570032100da86bb9f13ede1add114ae982ceeafc46ed643b3f96f9870902424479875701d
ACCOUNT_ID_1 = 0.0.3425846


PRIVATE_KEY_2 = 302e020100300506032b657004220420880e63b0b4eaed726261fcbb8ff2ab966838aba81485d985d76ba1f40cb04e65
PUBLIC_KEY_2 = 302a300506032b657003210073a03a1588bde2697e4b676ab6aa4c6cb191591c1fd7081b4fb319b4bcf075c8
ACCOUNT_ID_2 = 0.0.3425847


PRIVATE_KEY_3 = 302e020100300506032b65700422042014b138b819d1ac852d5ab67a201ee79598bd39ad3d17410149f26e4b2ccfd51e
PUBLIC_KEY_3 = 302a300506032b6570032100752a3406bcac49c97b8e1ac537d54b30aa9871641ee86a94312327c02ea9ed7d
ACCOUNT_ID_3 = 0.0.3425848


PRIVATE_KEY_4 = 302e020100300506032b657004220420a2d096d7843e11185e9d99143aeefbd51879010333584934bd016e0208d77309
PUBLIC_KEY_4 = 302a300506032b65700321007c45f71ed8211e766b663b5f26fca73d96c8e6f820d42770c4cbfcf8da356410
ACCOUNT_ID_4 = 0.0.3425849


PRIVATE_KEY_5 = 302e020100300506032b657004220420864d5455e2f52b8e41050598c0b661002edea9d40373a114dabc2e2e6cbfc07f
PUBLIC_KEY_5 = 302a300506032b65700321005e1c48e13534cd933ab4a31aecf8297c0e7e5818df8212654d3a26b1e539fb65
ACCOUNT_ID_5 = 0.0.3425850



HEDERA_NETWORK= testnet