PRIVATE_KEY_1 = 302e020100300506032b6570042204204025fcd2ded8d81bf03b75f863187c7939495c5b1e03a5ad7f98a22dc78fa400
PUBLIC_KEY_1 = 302a300506032b6570032100421cbdc1bd80a2251c1511b9c2f2d4489eb0b5b55e66abeb27a0131497a2022a
ACCOUNT_ID_1 = 0.0.3425512


PRIVATE_KEY_2 = 302e020100300506032b657004220420b9781cfcc9a4a67c965254a4c70ccd1e6b015a5196acc808cdaf26b953ec5830
PUBLIC_KEY_2 = 302a300506032b6570032100f2fad3290061c8a2e599960fe5b5afb1eba6c3afde75144e6841dfb31d4e0b9e
ACCOUNT_ID_2 = 0.0.3425513


PRIVATE_KEY_3 = 302e020100300506032b6570042204204e030f09462eb90d12f30fae0bd05cd02a2216db1ffbd28db9d3bcdb3e9d9d7b
PUBLIC_KEY_3 = 302a300506032b6570032100314621b34109144aca01a0a9ddfba8c29e398d70917d2fec29ae625f453a5f52
ACCOUNT_ID_3 = 0.0.3425514


PRIVATE_KEY_4 = 302e020100300506032b657004220420bdf7b19a980e58b9f209afb9a92ab72d51d3bf2e9d2aecb68ab553cd4131f84f
PUBLIC_KEY_4 = 302a300506032b6570032100563da6f6d4f571a4760e6c31360d5c26fd18a9d46bf417495b2ea04ade6e77ff
ACCOUNT_ID_4 = 0.0.3425515


PRIVATE_KEY_5 = 302e020100300506032b6570042204206300a722cfbc0e5b5f47c6c40d8c0304564d6e85b5038bbd60597e4280b71518
PUBLIC_KEY_5 = 302a300506032b6570032100720131df375add2c64c6302a6fba58fcfc7eb580344260952d16c6cf8dcf17b3
ACCOUNT_ID_5 = 0.0.3425516

HEDERA_NETWORK= testnet