PRIVATE_KEY_1 = 302e020100300506032b65700422042097b66687fd34ead6ae585013f562085d11b412988eab0cf0b4db76f0850f97f9
PUBLIC_KEY_1 = 302a300506032b6570032100ffdd5b94f364ff08451d85893e445c3542c93c10950edd302c6c9eb3add245e7
ACCOUNT_ID_1 = 0.0.3424695


PRIVATE_KEY_2 = 302e020100300506032b657004220420d96d75ae77eaee6b95f6b39ae4a483aec3366a9e46488a59503fb62cf635fbfe
PUBLIC_KEY_2 = 302a300506032b6570032100bb31b4fa9e50ad6316f02cb38029054bd28b331a26d601880e3c20481281b50e
ACCOUNT_ID_2 = 0.0.3424696


PRIVATE_KEY_3 = 302e020100300506032b65700422042070a9b5e6fb4e86e91a6a3478d394b4a3d2812b354d6229f6eb3ff7641a54ce6e
PUBLIC_KEY_3 = 302a300506032b6570032100033582f3216163316bde8e45b5fa67c8281961bc723ddf21747279904e6829bb
ACCOUNT_ID_3 = 0.0.3424697

